1 1
[(-6.4, -0.85), (-6.3, -0.85), (-5.7, -0.9), (-4.5, -0.75), (-3.55, -0.7), (-2.5, -0.65), (-1.4, -0.55), (-0.25, -0.35), (0.95, -0.3), (2.15, -0.2), (3.45, -0.1), (4.5, 0.0), (5.7, 0.1), (6.9, 0.2), (7.8, 0.25), (9.1, 0.35), (10.4, 0.5), (11.15, 0.5), (11.9, 0.4), (12.85, 0.55), (13.7, 0.65), (14.85, 0.75), (16.05, 0.85), (17.55, 0.95), (19.05, 1.05), (20.45, 1.1), (21.35, 1.15), (22.25, 1.2), (22.9, 1.2), (23.55, 1.2), (24.45, 1.25), (25.15, 1.25), (25.6, 1.2), (25.8, 1.15), (26.8, 1.2), (27.9, 1.3), (29.05, 1.35), (30.25, 1.4), (31.45, 1.45), (32.7, 1.5), (34.0, 1.55), (35.35, 1.6), (36.6, 1.65), (37.5, 1.65), (38.45, 1.7), (39.4, 1.7), (40.95, 2.2), (42.5, 2.3), (43.65, 2.35), (44.65, 2.45), (45.4, 2.5), (46.35, 2.6), (47.35, 2.75), (48.35, 2.8), (49.35, 2.85), (50.35, 2.9), (51.35, 2.95), (52.35, 3.0), (53.25, 3.05), (54.4, 3.1), (55.15, 3.15), (55.15, 3.15), (55.55, 3.2), (56.6, 3.2), (57.6, 3.0), (59.5, 3.25), (59.7, 3.6), (59.7, 4.1), (59.5, 5.2), (59.05, 6.25), (58.55, 7.0), (58.25, 8.1), (58.15, 9.5), (58.1, 10.7), (58.25, 11.65), (58.6, 12.35), (59.3, 14.8), (59.35, 16.45), (59.2, 16.45), (58.65, 16.15), (58.65, 16.15), (58.1, 16.15), (57.15, 17.25), (56.1, 17.65), (55.05, 17.75), (54.0, 17.7), (53.1, 17.65), (51.85, 17.55), (50.6, 17.45), (49.1, 17.4), (48.6, 17.35), (47.9, 17.35), (46.95, 16.3), (45.8, 16.2), (44.6, 16.1), (43.0, 16.05), (40.75, 16.1), (39.3, 16.45), (38.3, 16.65), (37.3, 16.75), (36.4, 16.2), (35.6, 15.45), (35.65, 14.95), (35.65, 14.45), (35.0, 12.9), (33.9, 12.75), (32.75, 12.7), (31.55, 12.6), (30.3, 12.6), (29.05, 12.55), (27.5, 12.45), (26.6, 12.35), (25.7, 12.3), (24.8, 12.3), (23.95, 12.2), (23.0, 12.1), (22.05, 12.05), (21.1, 12.0), (20.45, 12.0), (19.4, 11.8), (18.3, 11.75), (17.25, 11.75), (15.85, 11.6), (14.45, 11.55), (12.9, 11.45), (11.35, 11.35), (10.15, 11.4), (10.15, 11.4), (10.15, 11.4), (9.6, 12.25), (8.6, 14.55), (7.55, 14.85), (6.55, 14.35), (5.55, 13.8), (4.45, 13.25), (3.3, 13.15), (2.1, 13.1), (0.8, 13.0), (-0.55, 12.95), (-3.1, 13.35), (-4.05, 13.85), (-4.75, 13.8), (-5.4, 13.8), (-5.7, 13.8), (-5.7, 13.8), (-6.15, 13.9), (-7.15, 13.9), (-8.05, 13.85), (-9.3, 13.75), (-11.1, 13.05), (-12.1, 12.55), (-12.1, 12.55), (-12.2, 12.0), (-12.3, 11.3), (-12.3, 10.25), (-12.5, 9.15), (-12.65, 8.15), (-12.55, 7.05), (-12.5, 6.05), (-12.45, 5.05), (-12.45, 3.85), (-12.45, 3.4), (-12.9, 2.55), (-13.2, 1.5), (-12.9, -0.2), (-12.5, -0.9), (-12.45, -0.85), (-11.4, -0.9), (-10.35, -0.85), (-9.4, -1.0), (-7.2213, -1.7003)]
1 2
[(-6.4, -0.85), (-6.3, -0.85), (-3.7, -0.7), (-3.65, -0.7), (-3.55, -0.7), (-2.05, -0.6), (0.55, -0.3), (0.55, -0.3), (0.65, -0.3), (3.95, -0.05), (4.5, 0.0), (5.7, 0.1), (6.35, 0.15), (7.45, 0.3), (7.5, 0.3), (9.75, 0.45), (10.9, 0.55), (10.9, 0.55), (10.9, 0.4), (14.3, 0.7), (14.9, 0.75), (16.3, 0.85), (16.9, 0.9), (18.3, 1.0), (18.3, 1.0), (20.45, 1.1), (21.3, 1.15), (21.3, 1.15), (21.3, 1.15), (22.9, 1.2), (24.45, 1.25), (24.5, 1.25), (24.85, 1.25), (25.8, 1.15), (27.9, 1.3), (28.75, 1.35), (30.2, 1.4), (31.4, 1.45), (32.45, 1.5), (33.4, 1.55), (34.6, 1.6), (35.65, 1.65), (36.5, 1.65), (36.6, 1.65), (37.45, 1.65), (40.8, 2.1), (40.95, 2.2), (40.95, 2.2), (42.55, 2.3), (42.55, 2.3), (43.5, 2.35), (46.7, 2.65), (47.4, 2.75), (47.4, 2.75), (47.45, 2.75), (48.75, 2.8), (49.6, 2.85), (50.65, 2.9), (52.6, 3.0), (52.6, 3.0), (54.4, 3.1), (54.55, 3.1), (56.9, 3.25), (56.95, 3.25), (59.6, 3.35), (59.45, 4.9), (59.3, 5.25), (59.4, 5.05), (59.5, 5.2), (59.05, 6.25), (58.55, 7.0), (58.15, 10.45), (58.15, 10.45), (58.15, 10.45), (58.25, 11.05), (58.6, 14.5), (59.3, 15.35), (59.35, 16.45), (58.75, 16.2), (58.65, 16.15), (58.65, 16.15), (58.1, 16.6), (57.15, 17.25), (56.1, 17.65), (53.9, 17.7), (53.9, 17.7), (52.5, 17.6), (50.0, 17.45), (49.85, 17.45), (48.75, 17.4), (48.65, 17.35), (47.9, 17.35), (45.8, 16.2), (44.85, 16.15), (43.0, 16.05), (42.1, 16.0), (40.35, 16.2), (39.3, 16.45), (38.3, 16.65), (37.3, 16.75), (36.4, 16.2), (35.6, 13.15), (35.45, 13.05), (35.45, 13.05), (35.0, 12.9), (32.65, 12.7), (31.55, 12.6), (30.65, 12.6), (30.3, 12.6), (27.5, 12.45), (26.9, 12.35), (26.9, 12.35), (26.75, 12.35), (24.45, 12.25), (24.35, 12.25), (21.8, 12.05), (21.25, 12.0), (20.45, 12.0), (20.45, 12.0), (19.4, 11.8), (15.85, 11.6), (15.75, 11.55), (13.75, 11.5), (12.9, 11.45), (12.2, 11.4), (10.6, 11.35), (10.15, 11.4), (10.15, 11.4), (10.15, 11.4), (7.15, 14.7), (7.8, 14.9), (7.5, 14.8), (6.55, 14.35), (5.55, 13.8), (3.35, 13.15), (2.15, 13.1), (1.3, 13.05), (0.2, 13.0), (-2.1, 12.85), (-3.1, 13.4), (-3.85, 13.85), (-3.85, 13.9), (-4.15, 13.85), (-5.4, 13.8), (-5.4, 13.8), (-6.2, 13.9), (-9.6, 13.65), (-10.45, 13.3), (-11.45, 12.9), (-12.05, 12.6), (-12.1, 12.55), (-12.1, 12.55), (-12.2, 12.0), (-12.35, 9.65), (-12.35, 9.65), (-12.5, 6.8), (-12.5, 6.05), (-12.5, 6.05), (-12.5, 6.05), (-12.4, 3.7), (-12.4, 3.7), (-12.45, 3.4), (-12.9, 2.55), (-12.45, -0.85), (-12.45, -0.85), (-12.45, -0.85), (-12.45, -0.85), (-10.6, -0.75), (-10.35, -0.85), (-9.4, -1.0), (-7.2213, -1.7003)]
1 3
[(-6.4, -0.85), (-6.3, -0.85), (-5.7, -0.9), (-4.3, -0.7), (-2.9, -0.65), (-1.5, -0.55), (0.5, -0.3), (2.05, -0.2), (3.1, -0.1), (3.95, -0.05), (4.5, 0.0), (5.1, 0.05), (5.7, 0.1), (6.35, 0.15), (7.3, 0.25), (7.8, 0.25), (9.1, 0.35), (10.4, 0.5), (11.2, 0.4), (11.95, 0.45), (13.1, 0.6), (14.3, 0.7), (15.5, 0.8), (16.9, 0.9), (18.3, 1.0), (19.7, 1.1), (21.1, 1.15), (22.45, 1.2), (22.9, 1.2), (22.9, 1.2), (22.9, 1.2), (23.85, 1.2), (24.85, 1.25), (25.8, 1.15), (27.1, 1.25), (28.45, 1.35), (29.8, 1.4), (31.15, 1.45), (32.5, 1.5), (33.85, 1.55), (35.2, 1.6), (36.5, 1.65), (37.5, 1.65), (38.5, 1.7), (38.6, 1.7), (38.55, 1.7), (39.3, 1.7), (40.95, 2.2), (42.55, 2.3), (44.05, 2.4), (45.4, 2.5), (46.75, 2.65), (47.55, 2.75), (47.55, 2.75), (47.45, 2.75), (48.25, 2.8), (49.3, 2.85), (50.4, 2.9), (51.55, 2.95), (52.6, 3.0), (54.4, 3.1), (55.15, 3.15), (55.55, 3.2), (56.9, 3.25), (57.6, 3.0), (59.6, 3.35), (59.65, 3.45), (59.7, 4.1), (59.5, 5.2), (59.05, 6.25), (58.55, 7.0), (58.25, 8.1), (58.15, 9.5), (58.1, 10.7), (58.25, 11.6), (58.6, 14.5), (59.3, 15.35), (59.35, 16.45), (58.75, 16.2), (58.65, 16.15), (58.65, 16.15), (58.1, 16.6), (57.15, 17.25), (56.1, 17.65), (55.05, 17.75), (54.0, 17.7), (53.1, 17.65), (51.85, 17.55), (50.0, 17.45), (48.7, 17.4), (48.65, 17.35), (47.9, 17.35), (46.95, 16.3), (45.8, 16.2), (44.85, 16.15), (43.8, 16.1), (42.1, 16.0), (39.3, 16.45), (38.3, 16.65), (37.3, 16.75), (36.4, 16.2), (35.6, 15.45), (35.45, 13.05), (35.45, 13.05), (35.0, 12.9), (33.6, 12.75), (32.2, 12.65), (30.8, 12.6), (29.4, 12.55), (27.5, 12.45), (26.9, 12.35), (26.9, 12.35), (26.75, 12.35), (25.65, 12.35), (24.5, 12.25), (23.4, 12.15), (22.25, 12.05), (21.1, 12.0), (20.45, 12.0), (19.4, 11.8), (18.3, 11.75), (16.6, 11.7), (14.55, 11.55), (12.85, 11.45), (11.7, 11.4), (10.6, 11.35), (10.15, 11.4), (10.15, 11.4), (10.15, 11.4), (9.6, 12.25), (7.8, 14.9), (7.0, 14.7), (6.55, 14.35), (5.55, 13.8), (4.45, 13.25), (3.3, 13.15), (2.1, 13.1), (0.8, 13.0), (-0.55, 12.95), (-3.1, 13.4), (-4.05, 13.85), (-4.75, 13.8), (-5.4, 13.8), (-5.4, 13.8), (-5.4, 13.8), (-6.15, 13.9), (-7.15, 13.9), (-10.25, 13.4), (-11.5, 12.9), (-12.05, 12.6), (-12.1, 12.55), (-12.1, 12.55), (-12.2, 12.0), (-12.3, 11.3), (-12.3, 10.25), (-12.5, 9.15), (-12.65, 8.15), (-12.5, 6.8), (-12.5, 6.0), (-12.45, 5.15), (-12.45, 3.85), (-12.45, 3.4), (-12.9, 2.55), (-12.45, -0.85), (-12.5, -0.9), (-12.45, -0.85), (-12.45, -0.85), (-11.4, -0.9), (-10.35, -0.85), (-9.4, -1.0), (-7.2213, -1.7003)]
1 4
[(-6.4, -0.85), (-6.3, -0.85), (-5.7, -0.9), (-4.3, -0.7), (-3.55, -0.7), (-2.5, -0.65), (-1.4, -0.55), (0.5, -0.3), (2.3, -0.2), (3.95, -0.05), (5.05, 0.05), (5.7, 0.1), (6.35, 0.15), (7.3, 0.25), (7.5, 0.3), (7.8, 0.25), (9.25, 0.4), (10.85, 0.55), (12.0, 0.4), (13.1, 0.6), (14.9, 0.75), (16.3, 0.85), (17.3, 0.95), (18.3, 1.0), (19.15, 1.05), (20.05, 1.1), (20.95, 1.15), (21.85, 1.2), (22.75, 1.2), (22.9, 1.2), (22.9, 1.2), (23.85, 1.2), (24.85, 1.25), (25.8, 1.15), (27.15, 1.25), (28.55, 1.35), (29.95, 1.4), (31.35, 1.45), (32.75, 1.5), (34.05, 1.55), (35.35, 1.6), (36.6, 1.65), (37.5, 1.65), (37.5, 1.65), (37.45, 1.65), (38.35, 1.7), (40.95, 2.2), (42.55, 2.3), (43.6, 2.35), (44.05, 2.4), (44.05, 2.4), (44.6, 2.45), (45.35, 2.5), (46.7, 2.65), (47.55, 2.75), (48.4, 2.8), (49.6, 2.85), (50.8, 2.9), (52.0, 2.95), (52.6, 3.0), (53.5, 3.05), (54.55, 3.1), (55.55, 3.2), (56.9, 3.25), (59.6, 3.35), (59.65, 3.45), (59.6, 3.35), (59.7, 4.1), (59.5, 5.2), (59.05, 6.25), (58.55, 7.0), (58.25, 8.1), (58.15, 9.5), (58.1, 10.7), (58.25, 11.6), (58.6, 14.5), (59.3, 15.35), (59.35, 16.45), (58.75, 16.2), (58.65, 16.15), (58.65, 16.15), (58.1, 16.6), (57.15, 17.25), (56.1, 17.65), (55.05, 17.75), (54.0, 17.7), (53.1, 17.65), (51.85, 17.55), (50.0, 17.45), (48.7, 17.4), (48.65, 17.35), (47.9, 17.35), (46.95, 16.3), (45.8, 16.2), (44.85, 16.15), (43.0, 16.05), (40.35, 16.2), (39.3, 16.45), (38.3, 16.65), (37.3, 16.75), (36.4, 16.2), (35.6, 15.45), (35.45, 13.05), (35.45, 13.05), (35.0, 12.9), (33.6, 12.75), (32.2, 12.65), (30.8, 12.6), (30.3, 12.6), (29.75, 12.6), (28.8, 12.55), (26.9, 12.35), (25.0, 12.3), (23.95, 12.2), (22.9, 12.1), (21.8, 12.05), (20.7, 12.0), (19.4, 11.8), (18.9, 11.8), (18.9, 11.8), (18.3, 11.8), (17.25, 11.75), (15.85, 11.6), (14.45, 11.55), (12.2, 11.4), (10.6, 11.35), (10.15, 11.4), (10.15, 11.4), (10.15, 11.4), (9.6, 12.25), (7.8, 14.9), (7.05, 14.7), (6.55, 14.35), (5.55, 13.8), (3.95, 13.2), (2.15, 13.1), (0.35, 13.0), (-1.05, 12.9), (-2.1, 12.85), (-3.1, 13.4), (-4.0, 13.85), (-4.75, 13.8), (-5.4, 13.8), (-5.4, 13.8), (-5.4, 13.8), (-6.15, 13.9), (-7.15, 13.9), (-10.25, 13.4), (-11.5, 12.9), (-12.05, 12.6), (-12.1, 12.55), (-12.1, 12.55), (-12.2, 12.0), (-12.3, 11.3), (-12.3, 10.25), (-12.5, 9.15), (-12.65, 8.15), (-12.5, 6.8), (-12.5, 6.05), (-12.45, 5.15), (-12.45, 3.85), (-12.45, 3.4), (-12.9, 2.55), (-12.45, -0.85), (-12.45, -0.85), (-12.45, -0.85), (-12.45, -0.85), (-11.4, -0.9), (-10.35, -0.85), (-9.4, -1.0), (-7.2213, -1.7003)]
1 5
[(-6.4, -0.85), (-6.3, -0.85), (-5.7, -0.9), (-4.3, -0.7), (-3.55, -0.7), (-2.5, -0.65), (-1.4, -0.55), (0.55, -0.3), (2.8, -0.15), (3.95, -0.05), (5.05, 0.05), (5.7, 0.1), (6.35, 0.15), (7.3, 0.25), (7.5, 0.3), (7.8, 0.25), (9.25, 0.4), (10.9, 0.55), (12.0, 0.4), (13.1, 0.6), (14.9, 0.75), (16.3, 0.85), (17.3, 0.95), (18.3, 1.0), (19.15, 1.05), (20.05, 1.1), (20.95, 1.15), (21.85, 1.2), (22.75, 1.2), (22.9, 1.2), (22.9, 1.2), (23.85, 1.2), (24.85, 1.25), (25.8, 1.15), (27.15, 1.25), (28.55, 1.35), (29.95, 1.4), (31.35, 1.45), (32.75, 1.5), (34.05, 1.55), (35.35, 1.6), (36.6, 1.65), (37.5, 1.65), (37.5, 1.65), (37.45, 1.65), (38.35, 1.7), (40.95, 2.2), (42.55, 2.3), (43.6, 2.35), (44.05, 2.4), (44.05, 2.4), (44.6, 2.45), (45.35, 2.5), (47.05, 2.7), (48.75, 2.8), (50.45, 2.9), (51.75, 2.95), (52.6, 3.0), (53.25, 3.05), (54.4, 3.1), (55.15, 3.15), (55.15, 3.15), (55.55, 3.2), (56.9, 3.25), (59.6, 3.35), (59.65, 3.45), (59.3, 5.2), (59.4, 5.7), (59.5, 5.75), (59.05, 6.15), (58.55, 7.0), (58.25, 8.1), (58.15, 9.5), (58.1, 10.7), (58.25, 11.05), (58.6, 14.5), (59.3, 15.35), (59.35, 16.45), (58.75, 16.2), (58.65, 16.15), (58.65, 16.15), (58.1, 16.6), (57.15, 17.25), (56.1, 17.65), (55.05, 17.75), (54.0, 17.7), (53.1, 17.65), (51.85, 17.55), (50.0, 17.45), (48.7, 17.4), (48.65, 17.35), (47.9, 17.35), (46.95, 16.3), (45.8, 16.2), (44.85, 16.15), (43.0, 16.05), (40.35, 16.2), (39.3, 16.45), (38.3, 16.65), (37.3, 16.75), (36.4, 16.2), (35.6, 15.45), (35.45, 13.05), (35.45, 13.05), (35.0, 12.9), (33.6, 12.75), (32.2, 12.65), (30.8, 12.6), (30.3, 12.6), (29.75, 12.6), (28.8, 12.55), (26.9, 12.35), (25.0, 12.3), (23.95, 12.2), (22.9, 12.1), (21.8, 12.05), (20.7, 12.0), (20.45, 12.0), (20.45, 12.0), (19.4, 11.8), (18.3, 11.8), (16.6, 11.7), (14.55, 11.55), (12.85, 11.45), (11.7, 11.4), (10.6, 11.35), (10.15, 11.4), (10.15, 11.4), (10.15, 11.4), (9.6, 12.75), (7.8, 14.9), (7.05, 14.7), (6.55, 14.35), (5.55, 13.8), (3.95, 13.2), (2.15, 13.1), (0.35, 13.0), (-1.05, 12.9), (-2.1, 12.85), (-3.1, 13.4), (-4.0, 13.85), (-4.75, 13.8), (-5.4, 13.8), (-5.4, 13.8), (-5.4, 13.8), (-6.15, 13.9), (-7.15, 13.9), (-10.45, 13.3), (-11.5, 12.9), (-12.05, 12.6), (-12.1, 12.55), (-12.1, 12.55), (-12.2, 12.0), (-12.3, 11.3), (-12.3, 10.25), (-12.5, 9.15), (-12.65, 8.15), (-12.5, 6.05), (-12.45, 3.85), (-12.4, 3.7), (-12.4, 3.7), (-12.45, 3.4), (-12.9, 2.55), (-12.45, -0.85), (-12.45, -0.85), (-12.45, -0.85), (-12.45, -0.85), (-11.4, -0.9), (-10.35, -0.85), (-9.4, -1.0), (-7.2213, -1.7003)]
2 1
[(-6.4, -0.85), (-6.3, -0.85), (-5.7, -0.85), (-4.65, -0.8), (-3.55, -0.7), (-2.45, -0.6), (-1.4, -0.55), (-0.25, -0.35), (0.95, -0.3), (2.15, -0.2), (3.45, -0.1), (4.55, 0.0), (5.7, 0.1), (6.85, 0.2), (7.8, 0.25), (8.75, 0.3), (9.75, 0.45), (10.85, 0.55), (11.95, 0.4), (13.1, 0.6), (14.3, 0.7), (15.5, 0.8), (16.65, 0.9), (17.6, 0.95), (18.7, 1.05), (19.75, 1.1), (20.8, 1.1), (21.85, 1.2), (22.9, 1.2), (23.95, 1.2), (25.0, 1.25), (25.65, 1.2), (26.3, 1.2), (27.1, 1.25), (27.9, 1.3), (28.75, 1.35), (29.6, 1.4), (30.45, 1.45), (31.3, 1.45), (32.15, 1.5), (33.15, 1.55), (34.2, 1.55), (35.25, 1.6), (36.3, 1.65), (37.35, 1.65), (38.4, 1.7), (39.45, 1.7), (40.8, 2.1), (42.25, 2.3), (43.6, 2.35), (44.95, 2.45), (46.35, 2.6), (47.6, 2.75), (48.75, 2.8), (49.9, 2.85), (50.7, 2.9), (51.5, 2.95), (52.3, 3.0), (53.25, 3.05), (54.4, 3.1), (55.15, 3.15), (55.6, 3.2), (56.05, 3.2), (56.6, 3.2), (57.6, 3.0), (58.85, 3.0), (59.6, 3.3), (59.7, 4.1), (59.5, 5.2), (59.05, 6.25), (58.55, 7.3), (58.25, 8.2), (58.2, 9.0), (58.15, 10.05), (58.25, 11.05), (58.6, 12.05), (59.3, 13.7), (59.35, 16.25), (59.6, 17.25), (59.85, 17.0), (59.15, 16.4), (58.1, 15.9), (57.15, 15.85), (56.1, 15.9), (55.05, 17.2), (54.0, 17.7), (53.1, 17.65), (52.1, 17.55), (51.1, 17.5), (50.0, 17.4), (48.9, 17.35), (47.9, 17.35), (46.95, 16.3), (45.95, 16.2), (44.9, 16.15), (43.8, 16.1), (42.7, 16.05), (41.6, 16.0), (40.1, 16.25), (38.35, 16.65), (36.4, 16.2), (35.6, 15.45), (35.65, 14.95), (35.65, 14.45), (35.0, 12.9), (33.9, 12.6), (32.8, 12.7), (31.55, 12.6), (30.3, 12.6), (29.05, 12.55), (27.55, 12.45), (26.3, 12.3), (25.0, 12.3), (23.95, 12.2), (22.9, 12.1), (21.85, 12.05), (20.8, 12.0), (19.7, 11.9), (18.85, 11.8), (18.0, 11.75), (17.25, 11.75), (16.5, 11.7), (15.75, 11.6), (15.0, 11.55), (14.1, 11.55), (13.05, 11.5), (12.0, 11.4), (10.7, 11.35), (10.15, 11.4), (9.6, 12.25), (8.6, 14.25), (7.55, 14.85), (6.55, 14.65), (5.55, 13.8), (4.45, 13.25), (3.35, 13.15), (2.15, 13.1), (0.8, 13.0), (-0.6, 12.9), (-2.5, 12.95), (-4.05, 13.85), (-4.75, 13.85), (-5.4, 13.8), (-5.7, 13.8), (-5.7, 13.8), (-6.15, 13.9), (-7.15, 13.9), (-8.1, 13.85), (-9.3, 13.75), (-10.85, 13.15), (-12.1, 12.55), (-12.25, 11.95), (-12.3, 11.35), (-12.3, 10.75), (-12.3, 10.15), (-12.45, 9.25), (-12.65, 8.15), (-12.55, 7.05), (-12.5, 6.0), (-12.45, 4.95), (-12.45, 3.85), (-12.45, 3.4), (-12.9, 2.55), (-13.2, 1.5), (-13.15, 0.4), (-12.5, -0.85), (-11.85, -0.95), (-10.95, -0.85), (-10.35, -0.85), (-9.4, -1.0), (-7.2213, -1.7003)]
3 1
[(-6.4, -0.85), (-6.3, -0.85), (-5.7, -0.85), (-4.65, -0.8), (-3.55, -0.7), (-2.45, -0.6), (-1.4, -0.55), (-0.25, -0.35), (0.9, -0.3), (2.05, -0.2), (3.2, -0.1), (4.5, 0.0), (5.7, 0.1), (6.9, 0.2), (8.0, 0.25), (9.1, 0.35), (10.25, 0.5), (11.2, 0.5), (12.0, 0.4), (12.85, 0.55), (13.7, 0.65), (14.65, 0.75), (15.6, 0.8), (16.55, 0.85), (17.55, 0.95), (18.65, 1.05), (19.75, 1.1), (20.85, 1.15), (21.95, 1.2), (22.95, 1.2), (23.95, 1.2), (24.95, 1.25), (25.75, 1.2), (26.55, 1.2), (27.35, 1.25), (28.15, 1.3), (28.95, 1.35), (30.1, 1.4), (31.25, 1.45), (32.4, 1.5), (33.55, 1.55), (34.7, 1.6), (35.85, 1.65), (36.95, 1.65), (38.05, 1.7), (39.15, 1.7), (40.45, 1.95), (41.75, 2.25), (43.05, 2.35), (44.2, 2.4), (45.35, 2.5), (46.65, 2.65), (47.8, 2.75), (48.8, 2.8), (49.8, 2.85), (50.7, 2.9), (51.6, 2.95), (52.5, 3.0), (53.25, 3.05), (54.0, 3.1), (54.75, 3.15), (55.25, 3.15), (55.55, 3.2), (56.6, 3.2), (57.6, 3.0), (58.85, 3.0), (59.65, 3.3), (59.7, 4.1), (59.5, 5.2), (59.05, 6.25), (58.55, 7.3), (58.2, 8.35), (58.15, 9.5), (58.1, 10.65), (58.25, 11.65), (58.6, 12.55), (59.3, 14.0), (59.4, 16.05), (59.6, 17.25), (59.8, 17.6), (59.15, 17.1), (58.1, 16.6), (57.15, 16.1), (56.1, 15.9), (54.95, 15.7), (53.8, 15.7), (52.65, 16.55), (51.5, 17.5), (50.35, 17.6), (49.1, 17.4), (48.6, 17.35), (47.9, 17.35), (46.95, 16.5), (45.95, 16.2), (44.9, 16.15), (43.8, 16.1), (42.7, 16.05), (41.6, 16.0), (40.25, 16.2), (38.65, 16.6), (36.6, 16.2), (35.6, 15.45), (35.4, 14.95), (35.65, 14.45), (35.0, 13.3), (33.9, 12.75), (32.8, 12.7), (31.55, 12.6), (30.3, 12.6), (29.05, 12.55), (27.6, 12.45), (26.35, 12.3), (25.0, 12.3), (23.75, 12.2), (22.35, 12.05), (21.05, 12.0), (20.05, 11.95), (19.05, 11.8), (18.05, 11.75), (17.05, 11.7), (15.85, 11.6), (14.8, 11.55), (13.75, 11.5), (12.8, 11.45), (11.85, 11.4), (10.7, 11.35), (10.15, 11.4), (10.1, 11.45), (10.15, 11.4), (9.6, 12.25), (8.6, 13.8), (7.55, 14.85), (6.55, 14.75), (5.55, 14.1), (4.55, 13.3), (3.35, 13.15), (2.15, 13.1), (0.8, 13.0), (-0.6, 12.9), (-2.25, 12.85), (-3.9, 13.65), (-4.75, 13.85), (-5.45, 13.8), (-5.95, 13.85), (-6.3, 13.9), (-6.65, 13.9), (-7.15, 13.9), (-8.0, 13.85), (-9.05, 13.8), (-10.25, 13.4), (-11.65, 12.8), (-12.2, 12.2), (-12.3, 11.6), (-12.3, 11.0), (-12.3, 10.25), (-12.45, 9.25), (-12.65, 8.15), (-12.55, 7.05), (-12.5, 6.0), (-12.45, 4.95), (-12.45, 3.85), (-12.5, 3.35), (-12.9, 2.55), (-13.2, 1.5), (-13.15, 0.4), (-12.5, -0.8), (-11.85, -1.15), (-11.2, -0.9), (-10.4, -0.8), (-9.4, -1.0), (-7.2213, -1.7003)]
4 1
[(-6.4, -0.85), (-6.3, -0.85), (-5.7, -0.85), (-4.65, -0.8), (-3.55, -0.7), (-2.45, -0.6), (-1.4, -0.55), (-0.25, -0.35), (0.9, -0.3), (2.05, -0.2), (3.2, -0.1), (4.45, 0.0), (5.7, 0.1), (6.95, 0.2), (8.2, 0.3), (9.5, 0.45), (10.85, 0.55), (12.2, 0.5), (13.35, 0.4), (14.3, 0.7), (15.3, 0.8), (16.3, 0.85), (17.3, 0.9), (18.3, 1.0), (19.3, 1.1), (20.3, 1.15), (21.3, 1.15), (22.3, 1.2), (23.3, 1.25), (24.4, 1.25), (25.3, 1.25), (26.2, 1.2), (27.1, 1.25), (28.0, 1.3), (28.9, 1.35), (29.8, 1.4), (30.7, 1.45), (31.65, 1.5), (32.6, 1.5), (33.55, 1.55), (34.55, 1.6), (35.55, 1.65), (36.55, 1.65), (37.5, 1.65), (38.45, 1.7), (39.4, 1.7), (40.45, 1.95), (41.5, 2.25), (42.55, 2.3), (43.6, 2.35), (44.65, 2.45), (45.7, 2.55), (46.75, 2.65), (47.7, 2.75), (48.65, 2.8), (49.6, 2.85), (50.55, 2.9), (51.5, 2.95), (52.45, 3.0), (53.3, 3.05), (54.2, 3.1), (55.15, 3.15), (56.1, 3.2), (56.95, 3.25), (57.6, 3.0), (58.45, 2.95), (59.4, 3.2), (59.75, 4.1), (59.5, 5.2), (59.05, 6.3), (58.55, 7.4), (58.2, 8.55), (58.15, 9.7), (58.1, 10.8), (58.25, 11.8), (58.6, 12.8), (59.3, 14.25), (59.55, 16.15), (59.8, 17.25), (60.05, 17.7), (59.15, 17.5), (58.1, 16.7), (57.15, 15.9), (56.1, 15.9), (55.05, 16.55), (54.0, 17.7), (53.05, 18.05), (52.1, 17.75), (51.1, 17.5), (50.0, 17.4), (48.9, 17.35), (47.9, 17.35), (46.55, 17.1), (45.2, 16.2), (43.85, 15.95), (42.5, 16.0), (40.9, 16.05), (39.3, 16.4), (38.3, 16.65), (37.25, 16.8), (36.4, 16.2), (35.6, 15.45), (35.4, 14.85), (35.65, 14.25), (35.0, 13.15), (33.9, 12.7), (32.8, 12.7), (31.55, 12.6), (30.3, 12.6), (29.05, 12.55), (27.8, 12.5), (26.65, 12.35), (25.5, 12.3), (24.35, 12.25), (23.35, 12.15), (22.25, 12.05), (21.15, 12.0), (20.0, 11.95), (18.9, 11.8), (17.8, 11.75), (16.6, 11.7), (15.4, 11.6), (14.2, 11.55), (12.95, 11.45), (11.7, 11.4), (10.6, 11.35), (10.1, 11.4), (10.1, 11.45), (10.15, 11.4), (9.6, 12.25), (8.6, 13.55), (7.5, 14.8), (6.55, 14.75), (5.55, 14.35), (4.55, 13.45), (3.35, 13.15), (2.15, 13.1), (0.8, 13.0), (-0.6, 12.9), (-2.25, 12.85), (-3.9, 13.45), (-4.75, 13.8), (-5.45, 13.8), (-6.0, 13.85), (-6.5, 13.9), (-7.0, 13.9), (-7.5, 13.85), (-8.0, 13.85), (-9.05, 13.8), (-10.15, 13.45), (-11.3, 12.95), (-12.1, 12.55), (-12.25, 12.0), (-12.3, 11.3), (-12.3, 10.25), (-12.45, 9.25), (-12.65, 8.15), (-12.55, 7.05), (-12.5, 6.0), (-12.45, 4.95), (-12.45, 3.85), (-12.55, 3.25), (-12.9, 2.55), (-13.2, 1.5), (-13.15, 0.4), (-12.55, -0.75), (-11.95, -1.3), (-11.4, -1.25), (-10.4, -0.85), (-9.4, -1.0), (-7.2213, -1.7003)]
5 1
[(-6.4, -0.85), (-6.3, -0.85), (-5.7, -0.85), (-4.65, -0.8), (-3.55, -0.7), (-2.45, -0.6), (-1.4, -0.55), (-0.25, -0.35), (0.9, -0.3), (2.05, -0.2), (3.2, -0.1), (4.45, 0.0), (5.7, 0.1), (6.95, 0.2), (8.2, 0.3), (9.5, 0.45), (10.85, 0.55), (12.2, 0.5), (13.35, 0.4), (14.3, 0.7), (15.3, 0.8), (16.3, 0.85), (17.3, 0.9), (18.3, 1.0), (19.3, 1.1), (20.3, 1.15), (21.3, 1.15), (22.3, 1.2), (23.3, 1.25), (24.4, 1.25), (25.3, 1.25), (26.2, 1.2), (27.1, 1.25), (28.0, 1.3), (28.9, 1.35), (29.8, 1.4), (30.7, 1.45), (31.65, 1.5), (32.6, 1.5), (33.55, 1.55), (34.55, 1.6), (35.55, 1.65), (36.55, 1.65), (37.5, 1.65), (38.45, 1.7), (39.4, 1.7), (40.45, 1.95), (41.5, 2.25), (42.55, 2.3), (43.6, 2.35), (44.65, 2.45), (45.7, 2.55), (46.75, 2.65), (47.7, 2.75), (48.65, 2.8), (49.6, 2.85), (50.55, 2.9), (51.5, 2.95), (52.45, 3.0), (53.35, 3.05), (54.35, 3.1), (55.2, 3.15), (56.05, 3.2), (56.9, 3.25), (57.6, 3.0), (58.45, 2.95), (59.35, 3.15), (59.75, 4.1), (59.65, 5.2), (59.05, 6.3), (58.55, 7.4), (58.2, 8.55), (58.15, 9.7), (58.1, 10.8), (58.25, 11.85), (58.6, 12.9), (59.3, 14.3), (59.65, 16.05), (60.0, 17.25), (60.25, 17.95), (59.15, 18.15), (58.05, 17.85), (57.15, 17.25), (56.1, 17.0), (55.05, 17.25), (54.0, 17.7), (53.05, 17.65), (52.05, 17.55), (51.05, 17.5), (50.0, 17.4), (48.95, 17.35), (47.9, 17.35), (46.55, 17.1), (45.2, 16.35), (43.85, 16.05), (42.5, 16.0), (41.0, 16.0), (39.4, 16.4), (38.3, 16.65), (37.25, 16.8), (36.4, 16.2), (35.6, 15.45), (35.3, 14.8), (35.5, 14.05), (35.0, 12.9), (33.9, 12.25), (32.8, 12.1), (31.6, 12.45), (30.4, 12.6), (29.2, 12.6), (27.9, 12.5), (26.65, 12.35), (25.4, 12.3), (24.25, 12.25), (23.0, 12.1), (21.75, 12.05), (20.5, 12.0), (19.3, 11.8), (18.1, 11.75), (16.95, 11.7), (15.85, 11.6), (14.8, 11.55), (13.75, 11.5), (12.75, 11.45), (11.75, 11.4), (10.7, 11.35), (10.1, 11.35), (10.0, 11.45), (10.1, 11.45), (9.6, 12.25), (8.6, 13.1), (7.5, 14.45), (6.55, 14.75), (5.55, 14.4), (4.55, 13.85), (3.35, 13.15), (2.15, 12.95), (0.8, 13.0), (-0.55, 12.95), (-2.2, 12.85), (-3.85, 13.25), (-4.75, 13.8), (-5.55, 13.85), (-6.25, 13.9), (-6.95, 13.9), (-7.65, 13.85), (-8.3, 13.85), (-9.05, 13.8), (-9.9, 13.55), (-10.95, 13.1), (-12.05, 12.6), (-12.65, 12.1), (-12.75, 11.6), (-12.35, 11.1), (-12.3, 10.25), (-12.45, 9.25), (-12.65, 8.15), (-12.55, 7.05), (-12.5, 6.0), (-12.45, 4.95), (-12.45, 3.85), (-12.6, 3.15), (-12.9, 2.55), (-13.2, 1.5), (-13.15, 0.4), (-12.6, -0.7), (-12.05, -1.3), (-11.4, -1.4), (-10.4, -1.0), (-9.4, -1.0), (-7.2213, -1.7003)]
5 5
[(-6.4, -0.85), (-6.3, -0.85), (-5.7, -0.9), (-4.5, -0.75), (-3.55, -0.7), (-2.5, -0.65), (-1.45, -0.55), (-0.25, -0.35), (0.95, -0.3), (2.15, -0.2), (3.45, -0.1), (4.5, 0.0), (5.7, 0.1), (6.9, 0.2), (7.8, 0.25), (9.1, 0.35), (10.4, 0.5), (11.15, 0.5), (11.9, 0.4), (12.85, 0.55), (13.7, 0.65), (14.85, 0.75), (16.05, 0.85), (17.55, 0.95), (19.05, 1.05), (20.45, 1.1), (21.35, 1.15), (22.25, 1.2), (22.9, 1.2), (23.55, 1.2), (24.45, 1.25), (25.15, 1.25), (25.6, 1.2), (25.8, 1.15), (26.8, 1.2), (27.9, 1.3), (29.0, 1.35), (30.1, 1.4), (31.2, 1.45), (32.3, 1.5), (33.4, 1.55), (34.6, 1.6), (35.8, 1.65), (36.65, 1.65), (37.45, 1.65), (38.35, 1.7), (39.3, 1.7), (40.95, 2.2), (42.55, 2.3), (44.05, 2.4), (45.4, 2.5), (46.75, 2.65), (47.6, 2.75), (48.45, 2.8), (49.3, 2.85), (50.15, 2.9), (51.0, 2.9), (51.85, 2.95), (52.6, 3.0), (53.25, 3.05), (53.9, 3.1), (54.55, 3.1), (55.55, 3.2), (56.9, 3.25), (57.6, 3.0), (58.5, 2.95), (59.6, 3.3), (59.7, 4.1), (59.5, 5.2), (59.05, 6.25), (58.55, 7.0), (58.25, 8.1), (58.15, 9.5), (58.1, 10.7), (58.25, 11.65), (58.6, 12.35), (59.3, 14.85), (59.35, 16.45), (59.2, 16.45), (58.65, 16.15), (58.65, 16.15), (58.1, 16.15), (57.15, 17.25), (56.1, 17.65), (55.05, 17.75), (54.0, 17.7), (53.1, 17.65), (51.85, 17.55), (50.6, 17.45), (49.1, 17.4), (48.6, 17.35), (47.9, 17.35), (46.95, 16.3), (45.8, 16.2), (44.85, 16.15), (43.8, 16.1), (42.75, 16.05), (40.75, 16.1), (38.35, 16.65), (37.25, 16.8), (36.4, 16.2), (35.6, 15.45), (35.65, 14.95), (35.65, 14.45), (35.0, 12.9), (33.9, 12.75), (32.8, 12.7), (31.55, 12.6), (30.3, 12.6), (29.05, 12.55), (27.5, 12.45), (26.6, 12.35), (25.7, 12.3), (24.8, 12.3), (23.95, 12.2), (23.0, 12.1), (22.05, 12.05), (21.1, 12.0), (20.45, 12.0), (19.4, 11.8), (18.3, 11.75), (17.25, 11.75), (15.85, 11.6), (14.45, 11.55), (12.9, 11.45), (11.35, 11.35), (10.15, 11.4), (10.15, 11.4), (10.15, 11.4), (9.6, 12.25), (8.6, 14.55), (7.55, 14.85), (6.55, 14.35), (5.55, 13.8), (4.45, 13.25), (3.35, 13.15), (2.15, 13.1), (0.8, 13.0), (-0.6, 12.9), (-3.1, 13.35), (-4.05, 13.85), (-4.75, 13.8), (-5.4, 13.8), (-5.7, 13.8), (-5.7, 13.8), (-6.15, 13.9), (-7.15, 13.9), (-8.05, 13.85), (-9.3, 13.75), (-11.1, 13.05), (-12.1, 12.55), (-12.1, 12.55), (-12.2, 12.0), (-12.3, 11.3), (-12.3, 10.25), (-12.5, 9.15), (-12.65, 8.15), (-12.55, 7.1), (-12.5, 6.05), (-12.45, 5.0), (-12.45, 3.85), (-12.45, 3.4), (-12.9, 2.55), (-13.2, 1.5), (-12.9, -0.2), (-12.5, -0.9), (-12.45, -0.85), (-11.4, -0.9), (-10.35, -0.85), (-9.4, -1.0), (-7.2213, -1.7003)]
